1
2
3
4
6
9
10
11
12
13
14
15
16
17
18
20
21
22
23
24
26
27
28
29
30
31
32
33
34
35
36
38
129
130
131
132
133
134
135
136
138
142
143
144
147
148
149
150
151
152
155
166
185
186
187
239
240
241
244
265
267
268
310
322
333
336
337
344
358
369
373
375
380
381
383
390
391
393
395
397
398
400
401
405
420
432
469
508
531
537
546
552
567
589
590
596
598
599
601
602
604
605
623
643
646
659
660
661
690
691
724
737
749
758
782
794
798
819
821
896
915
919
953
957
1108
1112
1117
1129
1134
1136
1158
1164
1180
1181
1194
1198
1200
1202
1203
1217
1221
1229
1233
1243
1247
1254
1258
1263
1267
1271
1272
1273
1275
1278
1287
1289
1295
1296
1302
1313
1318
1321
1323
1324
1325
1326
1332
1345
1376
1378
1385
1396
1407
1433
1438
1442
1458
1465
1490
1510
1512
1535
1591
1658
1735
1775
1946
1956
2099
2101
2123
2141
2180
2202
2217
2238
2357
2413
2453
2462
2488
2514
2587
2634
2710
2731
2812
3136
3253
3342
3374
3450
3522
3544
3629
3690
3774
4160
4249
4277
4496
4584
4786
4867
5349
5461
5494
5622
5667
5707
5925
6084
6129
6202
6258
6261
6374
6435
6436
6482
6486
6539
6557
6565
6573
6582
